0.31077,0.014181,0,0,0,0,0,0,0,0,0,0,0,0,0,0,0,0,0,0,0,0,0,0,0,0,0,0,0,0,0,0,0,0,0,0,0,0,0,0,0,0,0,0,0,0,0,0,0,0,0,0,2500,-0.052643,0.081005,240
0.31077,0.014181,0,-0.029644,-0.042983,-0.05094,-0.059048,-0.068268,-0.076125,-0.082489,-0.089033,-0.078103,-0.064459,-0.05855,-0.060034,-0.044981,-0.040944,-0.046186,-0.051104,-0.055493,-0.056176,-0.059891,-0.059327,-0.06218,-0.062768,-0.065281,-0.065951,-0.065832,-0.067384,-0.070184,-0.070724,-0.068026,-0.06979,-0.068885,-0.069848,-0.066908,-0.069081,-0.064119,-0.067227,-0.070432,-0.06977,-0.077182,-0.083777,-0.078765,-0.088057,-0.082634,-0.072248,-0.070516,-0.077109,-0.075388,-0.071397,-0.061146,2500,-0.052643,0.081005,240
0.31077,0.014181,0,-0.0056856,-0.030466,-0.031514,-0.024283,-0.038316,-0.026774,-0.023357,-0.01841,-0.0078456,0.00080979,-0.00037477,-0.0009257,0.0077601,0.0091116,0.0022768,-0.0010308,-0.0037669,-0.0043678,-0.008684,-0.0068991,-0.0094379,-0.011377,-0.014297,-0.013882,-0.014796,-0.0167,-0.019659,-0.019902,-0.018287,-0.019192,-0.018026,-0.01783,-0.019702,-0.019438,-0.014285,-0.0184,-0.023848,-0.020451,-0.035368,-0.035701,-0.03154,-0.033518,-0.03617,-0.025159,-0.030504,-0.03596,-0.043849,-0.03538,-0.027875,2500,-0.052643,0.081005,240
0.31077,0.014181,0,-0.018768,-0.045182,-0.049833,-0.047863,-0.060133,-0.039696,-0.029483,-0.021137,-0.01305,-0.00038504,-0.0048177,-0.0046672,-0.00069319,-0.00016586,-0.0082582,-0.0088675,-0.0095791,-0.011948,-0.015045,-0.015142,-0.016737,-0.01957,-0.022099,-0.020463,-0.020349,-0.022573,-0.024892,-0.025355,-0.023498,-0.024028,-0.023755,-0.022763,-0.023082,-0.022326,-0.018922,-0.026013,-0.03239,-0.026795,-0.037844,-0.038298,-0.038123,-0.035686,-0.0387,-0.025701,-0.034591,-0.033709,-0.047489,-0.045618,-0.040825,2500,-0.052643,0.081005,240
0.31077,0.014181,0,-0.029235,-0.018938,-0.030877,-0.036252,-0.052777,-0.024548,-0.015341,-0.0073104,0.001209,0.011058,0.010957,0.015315,0.020776,0.024661,0.014969,0.013541,0.012772,0.011674,0.0096095,0.011803,0.01094,0.0073325,0.0041679,0.0055858,0.0057619,0.0044792,0.00097233,4.5835e-05,0.0023662,0.0019763,0.0026048,0.003906,0.0035151,0.0036566,0.007975,0.0014579,-0.0046956,-0.00084182,-0.0088687,-0.007083,-0.0093675,-0.0084206,-0.011283,0.0030863,-0.011313,-0.0077546,-0.01752,-0.013362,-0.0090954,2500,-0.052643,0.081005,240
0.31077,0.014181,0,-0.03808,-0.012333,-0.026088,-0.031047,-0.042574,-0.016494,-0.012019,-0.0045238,0.00011528,0.0090668,0.0062818,0.01021,0.015892,0.021034,0.014025,0.013023,0.014954,0.014293,0.012663,0.01395,0.014001,0.012256,0.0090586,0.01165,0.011185,0.010312,0.0077937,0.0078187,0.0099189,0.0096946,0.010517,0.011995,0.010428,0.01065,0.015982,0.011376,0.0072601,0.0080992,0.0007936,0.0047401,0.0049062,0.0080368,-0.00062652,0.01142,-0.0032678,-0.0038075,-0.0093411,-0.011051,-0.0026159,2500,-0.052643,0.081005,240
0.31077,0.014181,0,-0.037867,-0.0071455,-0.026353,-0.035345,-0.049937,-0.02871,-0.027233,-0.021146,-0.013479,-0.0056739,-0.010572,-0.0058952,0.0028613,0.0058311,-0.0024963,-0.0018435,-0.00082186,-0.00133,-0.0040807,-0.00069648,-0.00027206,-0.00064667,-0.0035697,-0.0011084,-0.0020062,-0.0011608,-0.0038331,-0.0036737,-0.0017342,-0.0015197,-0.00062153,0.00058635,-0.0010023,-0.00094899,0.0039613,0.00011789,-0.0019918,-0.00045718,-0.0096781,-0.0053454,-0.0024598,-0.0028291,-0.012387,-0.00084206,-0.010865,-0.0099667,-0.016475,-0.026089,-0.018516,2500,-0.052643,0.081005,240
0.31077,0.014181,0,-0.04442,-0.017242,-0.033979,-0.045506,-0.057432,-0.033706,-0.030845,-0.021271,-0.014695,-0.0084719,-0.015229,-0.010602,-0.0043115,0.0052158,-0.0026626,-0.003515,-0.0030297,-0.0015147,-0.0051327,-0.0028541,-0.0010618,0.0015524,-0.0013325,0.00035701,-0.00056285,-0.00018684,-0.0019734,-0.0019951,0.00016398,0.00055292,0.001713,0.0029585,0.00216,0.0015054,0.0072428,0.0040117,0.0018807,0.0019695,-0.0048959,-0.002486,0.0023013,0.0017547,-0.0085709,0.0020234,-0.0088065,-0.0080141,-0.015404,-0.029464,-0.018224,2500,-0.052643,0.081005,240
0.31077,0.014181,0,-0.035188,-0.0091485,-0.031684,-0.040212,-0.051949,-0.032148,-0.032281,-0.018762,-0.014847,-0.0067264,-0.013586,-0.0083047,0.00050489,0.0092688,0.0030778,0.0022225,0.0014312,0.0018159,-0.0010414,0.0012729,0.0022047,0.004625,0.0020444,0.003063,0.0021918,0.0021694,0.00092448,0.00074066,0.0031225,0.0035802,0.0047564,0.0055594,0.0054281,0.0045546,0.010248,0.0071444,0.0046781,0.0062747,-0.0021047,0.0021228,0.008709,0.010063,-0.0036919,0.0043825,-0.0057892,-0.0056222,-0.016854,-0.034225,-0.022723,2500,-0.052643,0.081005,240
0.31077,0.014181,0,-0.021443,-0.0049786,-0.01484,-0.019712,-0.027717,-0.012466,-0.0096608,0.00033621,0.0023243,0.0079774,0.0016356,0.0076477,0.014473,0.021288,0.013702,0.011581,0.0096169,0.0089786,0.0067162,0.010461,0.012123,0.013806,0.010687,0.01114,0.011034,0.01161,0.0096583,0.0099018,0.012664,0.013206,0.014417,0.014151,0.014579,0.014445,0.019395,0.014343,0.012136,0.013863,0.0048915,0.01068,0.013822,0.015923,0.0042108,0.012407,0.0044887,0.0066165,-0.0024771,-0.019762,-0.01028,2500,-0.052643,0.081005,240
0.31077,0.014181,0,-0.02782,-0.0082655,-0.013668,-0.017033,-0.027806,-0.013887,-0.012241,-0.0029425,-0.0030508,0.0023612,-0.0020215,0.0048312,0.0097945,0.016141,0.0098701,0.0088632,0.006591,0.0050131,0.0025756,0.006835,0.0090743,0.012297,0.010942,0.011998,0.011471,0.011867,0.009766,0.010401,0.013014,0.013072,0.014454,0.012718,0.012855,0.012723,0.018436,0.014636,0.012154,0.015142,0.004848,0.010043,0.013631,0.015242,0.0025156,0.011352,0.0042908,0.0087277,-0.0016031,-0.022676,-0.014873,2500,-0.052643,0.081005,240
0.31077,0.014181,0,-0.014808,-0.0038138,-0.013689,-0.01413,-0.024457,-0.010729,-0.0092904,0.0016558,0.00091765,0.0097745,0.005985,0.012334,0.017733,0.022448,0.015713,0.015295,0.013763,0.01256,0.0094185,0.012859,0.014379,0.017928,0.017295,0.017856,0.016955,0.017757,0.016251,0.016738,0.019258,0.019217,0.020799,0.019428,0.01903,0.018972,0.02535,0.021082,0.017944,0.022015,0.013196,0.019632,0.023204,0.020309,0.0093964,0.015126,0.0058098,0.010761,-0.0034846,-0.028401,-0.019289,2500,-0.052643,0.081005,240
0.31077,0.014181,0,-0.0027427,0.00040682,-0.0088066,-0.009468,-0.022617,-0.0081218,-0.0080663,0.004865,0.0092888,0.016226,0.011611,0.019482,0.025514,0.028772,0.020876,0.020879,0.018389,0.018025,0.014185,0.016905,0.018565,0.021992,0.021156,0.021723,0.020742,0.02124,0.019701,0.020005,0.022539,0.022532,0.024324,0.023191,0.02328,0.023271,0.029902,0.025292,0.022025,0.025605,0.015475,0.023274,0.026513,0.025151,0.015789,0.023029,0.012449,0.01492,0.0027528,-0.020114,-0.01477,2500,-0.052643,0.081005,240
0.31077,0.014181,0,6.3687e-05,0.010328,0.0025518,-0.0020805,-0.011487,0.0025191,4.1744e-07,0.010622,0.01716,0.024728,0.01859,0.026361,0.031614,0.035084,0.028753,0.029477,0.026112,0.025798,0.022348,0.025178,0.026235,0.030066,0.028796,0.029523,0.028601,0.029342,0.028497,0.028718,0.031194,0.031256,0.033222,0.032089,0.032578,0.032654,0.038775,0.034203,0.030315,0.03481,0.024632,0.028951,0.033415,0.028269,0.017451,0.025611,0.016884,0.018709,0.0034359,-0.017177,-0.0095968,2500,-0.052643,0.081005,240
0.31077,0.014181,0,-0.0056547,0.0060517,-0.0017535,-0.008476,-0.01368,-0.00041875,-0.0047048,0.0073139,0.012192,0.019375,0.016733,0.025824,0.029756,0.032033,0.025764,0.025537,0.022758,0.02354,0.019472,0.02213,0.022617,0.026703,0.025354,0.025674,0.024421,0.025021,0.024203,0.024282,0.026548,0.026607,0.027905,0.027134,0.02718,0.027415,0.03351,0.029886,0.027034,0.031285,0.021584,0.024881,0.027779,0.02132,0.012395,0.019453,0.010962,0.012633,-8.0057e-05,-0.020106,-0.015132,2500,-0.052643,0.081005,240
0.31077,0.014181,0,0.011893,0.019163,0.010818,0.0047982,-0.0011084,0.009376,0.006035,0.017188,0.020152,0.025743,0.023907,0.033573,0.037568,0.039244,0.033234,0.033266,0.032676,0.033422,0.029448,0.031531,0.032275,0.036304,0.035215,0.035409,0.033884,0.034252,0.033466,0.033439,0.035774,0.035718,0.037171,0.03663,0.036836,0.037512,0.042922,0.039953,0.036551,0.041131,0.032387,0.035568,0.038442,0.032985,0.02271,0.030832,0.021098,0.021615,0.0054066,-0.015723,-0.012519,2500,-0.052643,0.081005,240
0.31077,0.014181,0,0.021119,0.030824,0.023047,0.018403,0.013786,0.027953,0.023864,0.032676,0.033633,0.040835,0.038338,0.046571,0.050208,0.05068,0.044998,0.045777,0.046051,0.046166,0.042102,0.044069,0.044307,0.047856,0.047104,0.047097,0.045325,0.046015,0.044769,0.044641,0.046846,0.046843,0.048416,0.048073,0.047642,0.048715,0.054553,0.049986,0.046175,0.050229,0.041433,0.041847,0.0423,0.036311,0.026264,0.035559,0.027258,0.026597,0.009991,-0.012558,-0.0075024,2500,-0.052643,0.081005,240
0.31077,0.014181,0,0.016314,0.028304,0.018473,0.013721,0.013835,0.030063,0.024723,0.033667,0.03563,0.043316,0.041229,0.049609,0.053515,0.053534,0.048303,0.048322,0.048884,0.04942,0.044862,0.046383,0.046448,0.049564,0.04846,0.049478,0.047787,0.048262,0.046875,0.046658,0.049158,0.049253,0.050798,0.050616,0.050291,0.051532,0.056744,0.052832,0.047994,0.052836,0.04407,0.043704,0.043941,0.037898,0.027209,0.037657,0.030748,0.029521,0.010195,-0.013763,-0.0087029,2500,-0.052643,0.081005,240
0.31077,0.014181,0,0.014976,0.029248,0.019339,0.015014,0.013296,0.029366,0.023633,0.033673,0.036653,0.043112,0.040493,0.049328,0.053521,0.0529,0.047813,0.047824,0.048262,0.048888,0.044635,0.046276,0.045928,0.048638,0.047099,0.047854,0.046241,0.04668,0.045212,0.045111,0.047562,0.047584,0.049222,0.048779,0.047862,0.04926,0.055006,0.050971,0.04688,0.052469,0.044654,0.043171,0.04444,0.039489,0.029347,0.03662,0.031154,0.029975,0.011018,-0.013602,-0.0095842,2500,-0.052643,0.081005,240
0.31077,0.014181,0,0.020506,0.030608,0.020826,0.014621,0.012885,0.027503,0.022191,0.031063,0.033024,0.039008,0.035513,0.045827,0.04921,0.047879,0.04214,0.042925,0.043114,0.043336,0.038632,0.039849,0.040403,0.043052,0.041506,0.042534,0.040991,0.042104,0.040643,0.040573,0.043147,0.043226,0.04468,0.044156,0.04344,0.044873,0.049974,0.046228,0.042295,0.048049,0.039448,0.038948,0.040858,0.0362,0.025235,0.033618,0.027646,0.026807,0.0093863,-0.015234,-0.011485,2500,-0.052643,0.081005,240
0.31077,0.014181,0,0.020652,0.02825,0.018667,0.012104,0.0094209,0.022893,0.019253,0.028873,0.030957,0.03745,0.033622,0.043156,0.046414,0.045254,0.040191,0.04113,0.041345,0.041429,0.036869,0.03771,0.038877,0.042429,0.040655,0.041793,0.040045,0.041288,0.039956,0.039821,0.042562,0.042688,0.044269,0.04379,0.042938,0.044735,0.04935,0.046104,0.04157,0.047791,0.039264,0.039558,0.042284,0.036136,0.026056,0.034378,0.028017,0.026127,0.0075323,-0.015775,-0.012834,2500,-0.052643,0.081005,240
0.31077,0.014181,0,0.020567,0.025955,0.015564,0.0078793,0.0041025,0.017826,0.015549,0.02529,0.026574,0.032274,0.028677,0.037547,0.040154,0.039495,0.034577,0.035652,0.03579,0.03544,0.03128,0.031835,0.032818,0.03662,0.034637,0.035555,0.0336,0.034821,0.033563,0.033514,0.035907,0.036085,0.0378,0.03692,0.036377,0.038356,0.042215,0.039516,0.035592,0.041291,0.032201,0.032857,0.033955,0.028909,0.018557,0.027961,0.02295,0.021574,0.0043301,-0.018783,-0.016698,2500,-0.052643,0.081005,240
0.31077,0.014181,0,0.017817,0.022495,0.013239,0.0054376,0.00067632,0.015276,0.014025,0.023073,0.024893,0.030599,0.028674,0.037131,0.040604,0.039395,0.033992,0.035954,0.03636,0.035658,0.03202,0.032286,0.033005,0.037255,0.035097,0.035828,0.033719,0.034642,0.0333,0.0332,0.035617,0.035778,0.037549,0.036291,0.035968,0.038226,0.041135,0.037944,0.034049,0.040259,0.031601,0.032779,0.033734,0.028438,0.018428,0.02719,0.021556,0.020471,0.003053,-0.02023,-0.0169,2500,-0.052643,0.081005,240
0.31077,0.014181,0,0.01868,0.025435,0.016083,0.007079,0.002764,0.018919,0.016925,0.026839,0.028691,0.033872,0.031439,0.039694,0.042847,0.042146,0.03636,0.038023,0.038146,0.037197,0.033678,0.034125,0.034662,0.038763,0.03677,0.037491,0.035377,0.036218,0.034806,0.034669,0.037211,0.037372,0.039214,0.038044,0.037706,0.040034,0.043177,0.039442,0.035276,0.041464,0.032563,0.033613,0.035008,0.029486,0.01944,0.02852,0.022993,0.022443,0.0044295,-0.019184,-0.016529,2500,-0.052643,0.081005,240
0.31077,0.014181,0,0.017875,0.024349,0.014388,0.0057806,0.0018451,0.017754,0.016058,0.025754,0.027404,0.032383,0.029759,0.0385,0.041638,0.040782,0.0354,0.037717,0.037716,0.036656,0.03298,0.033342,0.0341,0.038226,0.036414,0.03705,0.034933,0.035735,0.034295,0.034185,0.036693,0.036862,0.038681,0.037545,0.037277,0.039547,0.04242,0.03881,0.034589,0.040952,0.032222,0.033643,0.03469,0.029369,0.019526,0.0289,0.023229,0.023156,0.005628,-0.018118,-0.015107,2500,-0.052643,0.081005,240
0.31077,0.014181,0,0.017463,0.024553,0.014322,0.0051076,0.0018782,0.017632,0.016491,0.026043,0.027658,0.032924,0.030191,0.039206,0.04271,0.041654,0.036112,0.038464,0.038248,0.037544,0.033823,0.034141,0.034859,0.038881,0.037039,0.037668,0.035626,0.036505,0.035051,0.034963,0.037469,0.037643,0.039478,0.038359,0.038033,0.040338,0.043152,0.039618,0.035449,0.041852,0.033047,0.034543,0.035546,0.030552,0.020859,0.03043,0.023987,0.024341,0.0072731,-0.016243,-0.01358,2500,-0.052643,0.081005,240
0.31077,0.014181,0,0.016058,0.023857,0.01404,0.0049653,0.0019775,0.017892,0.016136,0.025846,0.027434,0.032749,0.029757,0.038878,0.042493,0.041551,0.036125,0.03856,0.038412,0.037727,0.033982,0.034241,0.034961,0.039055,0.037294,0.037959,0.035942,0.036851,0.035418,0.035302,0.037826,0.037991,0.039848,0.038803,0.03843,0.040811,0.043728,0.040116,0.03586,0.042293,0.033233,0.034859,0.035794,0.030801,0.021328,0.030957,0.024273,0.024602,0.0078169,-0.015862,-0.013131,2500,-0.052643,0.081005,240
0.31077,0.014181,0,0.011911,0.016966,0.0081563,-0.001229,-0.0040174,0.010774,0.0096904,0.019468,0.021674,0.026504,0.023968,0.033423,0.036737,0.03617,0.031055,0.033508,0.033514,0.032571,0.028582,0.028957,0.029775,0.03396,0.031966,0.032728,0.030569,0.031343,0.030138,0.02999,0.032505,0.032656,0.034458,0.033375,0.033105,0.035475,0.038506,0.035378,0.031407,0.037591,0.028505,0.030388,0.031858,0.027248,0.017604,0.026858,0.019968,0.020317,0.0041345,-0.018758,-0.015238,2500,-0.052643,0.081005,240
0.31077,0.014181,0,0.010418,0.01582,0.0082405,-0.0013343,-0.00337,0.011923,0.010496,0.020222,0.022886,0.027452,0.025188,0.034095,0.037054,0.036064,0.03104,0.033757,0.033922,0.033069,0.029213,0.029031,0.030015,0.03425,0.032104,0.032832,0.030796,0.031647,0.030449,0.030274,0.032773,0.032898,0.034848,0.033676,0.033293,0.035605,0.038373,0.035475,0.031679,0.03781,0.028754,0.03037,0.031395,0.027191,0.017516,0.02703,0.020472,0.021258,0.0054668,-0.016828,-0.013903,2500,-0.052643,0.081005,240
0.31077,0.014181,0,0.010438,0.015154,0.0077932,-0.0020141,-0.003578,0.01231,0.010643,0.020069,0.021676,0.02672,0.024078,0.033117,0.035958,0.035166,0.029589,0.032065,0.032184,0.031581,0.027852,0.027836,0.028286,0.032495,0.03033,0.031182,0.029069,0.029929,0.028788,0.028524,0.03101,0.031092,0.032961,0.03182,0.031346,0.033545,0.036068,0.033264,0.029344,0.036133,0.027341,0.02864,0.029247,0.024887,0.015923,0.024887,0.018861,0.019585,0.0045777,-0.01683,-0.014305,2500,-0.052643,0.081005,240
0.31077,0.014181,0,0.012826,0.017396,0.0083706,-0.0033215,-0.004511,0.011323,0.010029,0.019698,0.022017,0.027166,0.02429,0.033793,0.036973,0.036459,0.030879,0.033739,0.034093,0.033506,0.029625,0.029478,0.02986,0.033975,0.031801,0.032531,0.030562,0.031535,0.030549,0.030444,0.032909,0.032929,0.034679,0.033454,0.03277,0.035104,0.037236,0.034508,0.030597,0.036813,0.027586,0.029451,0.030445,0.02633,0.017194,0.026358,0.020292,0.021382,0.0070125,-0.015163,-0.012452,2500,-0.052643,0.081005,240
0.31077,0.014181,0,0.0096291,0.017014,0.0059048,-0.0064675,-0.0071526,0.0065657,0.0044397,0.012006,0.015379,0.019065,0.017028,0.027155,0.030962,0.03087,0.025925,0.028186,0.028975,0.028414,0.024901,0.024991,0.025401,0.029716,0.027766,0.028577,0.026808,0.027807,0.027058,0.027016,0.029486,0.029549,0.031178,0.030041,0.029391,0.031424,0.03377,0.031565,0.027988,0.033997,0.024826,0.026909,0.02823,0.024476,0.015289,0.024141,0.018182,0.01927,0.0055582,-0.015793,-0.011508,2500,-0.052643,0.081005,240
0.31077,0.014181,0,0.011669,0.017974,0.0063741,-0.0060617,-0.0063372,0.0065644,0.0056083,0.014064,0.017254,0.02089,0.019687,0.028786,0.03294,0.032972,0.027601,0.029601,0.02963,0.028925,0.025081,0.024971,0.025396,0.029303,0.027065,0.028095,0.026318,0.027217,0.026226,0.026248,0.028698,0.028572,0.030055,0.028759,0.02817,0.029831,0.032759,0.030908,0.02788,0.033942,0.025093,0.026364,0.026856,0.024919,0.014996,0.025077,0.019029,0.020409,0.0073102,-0.014959,-0.0108,2500,-0.052643,0.081005,240
0.31077,0.014181,0,0.015156,0.020372,0.010469,-0.00051888,-0.0014515,0.011866,0.0090197,0.015983,0.020118,0.024646,0.02267,0.031411,0.034566,0.034521,0.029173,0.031744,0.03232,0.031084,0.027006,0.027299,0.027777,0.031957,0.029612,0.030879,0.029192,0.0303,0.029441,0.029757,0.032506,0.032575,0.0339,0.033003,0.032092,0.033293,0.037158,0.03516,0.031854,0.038729,0.030136,0.030415,0.031014,0.029082,0.018201,0.029267,0.024311,0.026143,0.013296,-0.010262,-0.0065615,2500,-0.052643,0.081005,240
0.31077,0.014181,0,0.013219,0.021423,0.013474,0.00060131,0.0011706,0.015529,0.010867,0.018809,0.023851,0.027739,0.026679,0.036072,0.038093,0.038292,0.033705,0.035938,0.037056,0.035918,0.031603,0.031119,0.031342,0.035233,0.03294,0.03428,0.032661,0.033559,0.032833,0.033212,0.035923,0.035904,0.037146,0.036431,0.035548,0.03723,0.040772,0.039443,0.036764,0.044221,0.035252,0.035236,0.03617,0.034956,0.023058,0.0338,0.027476,0.02858,0.015699,-0.0068406,-0.0029736,2500,-0.052643,0.081005,240
0.31077,0.014181,0,0.013239,0.018793,0.011683,-0.00024697,-0.0017699,0.012507,0.0066703,0.014615,0.020861,0.025793,0.024851,0.034119,0.036995,0.038021,0.033239,0.035241,0.036018,0.034676,0.030313,0.029862,0.030477,0.034076,0.031735,0.03301,0.0315,0.032242,0.031595,0.032045,0.034768,0.034888,0.035972,0.035237,0.034273,0.035784,0.038726,0.037364,0.034107,0.041594,0.032623,0.032935,0.032909,0.032367,0.020757,0.031629,0.025826,0.026914,0.014818,-0.0058011,-0.0037982,2500,-0.052643,0.081005,240
0.31077,0.014181,0,0.013381,0.016879,0.01259,-0.0008494,-0.0040365,0.011678,0.0074686,0.013825,0.018035,0.023064,0.020819,0.030914,0.033472,0.03437,0.029187,0.030887,0.032292,0.031537,0.027223,0.027238,0.027466,0.03101,0.02905,0.030414,0.028714,0.029637,0.028909,0.02894,0.031401,0.031464,0.032515,0.031998,0.031161,0.032216,0.035173,0.033268,0.029448,0.037026,0.029672,0.029816,0.029596,0.028076,0.018383,0.027909,0.022872,0.024168,0.01308,-0.0062796,-0.006075,2500,-0.052643,0.081005,240
0.31077,0.014181,0,0.017915,0.017559,0.013171,-0.00054213,-0.0033365,0.011107,0.0071378,0.012715,0.017514,0.022476,0.021086,0.032019,0.035557,0.036406,0.031508,0.033421,0.034849,0.03477,0.031165,0.031298,0.031988,0.035388,0.033686,0.034751,0.033402,0.034441,0.03379,0.033911,0.036245,0.036273,0.037867,0.037053,0.036646,0.037631,0.041094,0.038448,0.034319,0.042076,0.03378,0.034004,0.034362,0.031442,0.021306,0.030198,0.02507,0.025616,0.01457,-0.0044722,-0.0026699,2500,-0.052643,0.081005,240
0.31077,0.014181,0,0.017348,0.016532,0.010979,-0.0028072,-0.0058113,0.0055393,0.0036204,0.0086172,0.012461,0.017011,0.014404,0.023115,0.027659,0.027679,0.022272,0.023997,0.02612,0.025548,0.021839,0.022475,0.022497,0.025338,0.023222,0.024591,0.023076,0.023711,0.023243,0.023001,0.025293,0.025268,0.026893,0.026095,0.026232,0.026782,0.030777,0.028221,0.024475,0.031262,0.02378,0.024154,0.025589,0.02181,0.014503,0.02199,0.018044,0.019238,0.0096172,-0.0077126,-0.0064444,2500,-0.052643,0.081005,240
0.31077,0.014181,0,0.021704,0.021579,0.01267,-0.0029057,-0.0054465,0.0073986,0.003657,0.010034,0.01367,0.017903,0.0154,0.024954,0.028718,0.029227,0.02439,0.026277,0.028016,0.02811,0.024513,0.024957,0.0249,0.02809,0.025578,0.026558,0.025193,0.025968,0.024921,0.024778,0.027042,0.026933,0.028651,0.027594,0.027321,0.028096,0.031766,0.030267,0.026751,0.034083,0.025741,0.025944,0.02607,0.024373,0.016964,0.025753,0.021539,0.022264,0.012472,-0.0062092,-0.0047961,2500,-0.052643,0.081005,240
0.31077,0.014181,0,0.019931,0.023693,0.014703,0.0016927,-0.0030246,0.011213,0.0091219,0.015428,0.018882,0.02371,0.020548,0.029435,0.031819,0.032597,0.027663,0.030325,0.032761,0.031789,0.027829,0.028814,0.028758,0.03173,0.029382,0.030681,0.029102,0.030026,0.029171,0.029397,0.031957,0.03211,0.033572,0.032914,0.032614,0.032769,0.037496,0.035827,0.032132,0.040413,0.03235,0.031213,0.031335,0.029546,0.02182,0.031804,0.029102,0.029543,0.019924,-0.00040871,0.0016826,2500,-0.052643,0.081005,240
0.31077,0.014181,0,0.017011,0.02108,0.012181,0.0021397,-0.00035659,0.012157,0.0099545,0.017606,0.020273,0.024511,0.02268,0.032405,0.034984,0.035376,0.031515,0.033605,0.035243,0.033284,0.030054,0.030992,0.030927,0.03337,0.030893,0.032238,0.030725,0.030898,0.030231,0.030406,0.032538,0.032537,0.033808,0.032888,0.032794,0.032771,0.038025,0.036755,0.034274,0.041292,0.03241,0.031331,0.030184,0.030534,0.023032,0.034163,0.031181,0.031498,0.022216,0.00063514,0.0039046,2500,-0.052643,0.081005,240
0.31077,0.014181,0,0.019038,0.02201,0.013338,0.005791,0.0036295,0.01506,0.014495,0.021259,0.022116,0.026748,0.025327,0.034414,0.036843,0.037222,0.033543,0.035359,0.036855,0.035214,0.031322,0.031734,0.032161,0.03497,0.032981,0.03387,0.032146,0.032296,0.031351,0.03155,0.033593,0.033368,0.034408,0.033533,0.033786,0.033215,0.038359,0.037044,0.034776,0.041503,0.031852,0.029643,0.029043,0.03129,0.024124,0.036344,0.032916,0.032885,0.02374,0.0010176,0.0057329,2500,-0.052643,0.081005,240
0.31077,0.014181,0,0.018097,0.019758,0.011457,0.0031373,-0.0014904,0.0076893,0.0091659,0.015391,0.017269,0.02141,0.019899,0.029867,0.033304,0.03313,0.030495,0.031905,0.03313,0.031394,0.026646,0.026927,0.027309,0.030457,0.027712,0.028543,0.027155,0.027197,0.025648,0.025275,0.027273,0.026945,0.028078,0.027245,0.027142,0.027355,0.031754,0.030982,0.029046,0.037229,0.028021,0.026446,0.024743,0.028012,0.021802,0.033899,0.031135,0.031384,0.02315,0.0018668,0.004291,2500,-0.052643,0.081005,240
0.31077,0.014181,0,0.022685,0.026654,0.013984,0.0027307,-0.0015856,0.0079286,0.0072041,0.013952,0.017312,0.021057,0.020894,0.030546,0.033189,0.034072,0.032055,0.033545,0.034402,0.03296,0.027901,0.027985,0.028285,0.031783,0.028566,0.029409,0.028388,0.028681,0.026915,0.026655,0.028598,0.02818,0.02968,0.0287,0.028704,0.029201,0.033365,0.033622,0.031886,0.040694,0.030641,0.029419,0.026369,0.031456,0.023955,0.03586,0.03136,0.031037,0.022952,0.0023183,0.0067709,2500,-0.052643,0.081005,240
0.31077,0.014181,0,0.021991,0.026094,0.016827,0.0029694,-0.0046537,0.0066968,0.0029871,0.0097378,0.014657,0.019732,0.018947,0.027951,0.029218,0.031197,0.029026,0.031345,0.031853,0.030664,0.026208,0.026295,0.026322,0.030287,0.027091,0.028275,0.027427,0.028275,0.026393,0.026635,0.029003,0.029056,0.030395,0.030093,0.030228,0.030461,0.035203,0.034633,0.032058,0.042441,0.0326,0.030109,0.027427,0.032684,0.025264,0.038561,0.036271,0.035575,0.027731,0.0079521,0.0094855,2500,-0.052643,0.081005,240
0.31077,0.014181,0,0.021065,0.029129,0.017991,0.0072147,0.0021155,0.012543,0.0087116,0.016807,0.021742,0.026337,0.024457,0.032931,0.035375,0.037227,0.033513,0.034317,0.035671,0.033298,0.027892,0.02753,0.028024,0.03137,0.028777,0.028753,0.028291,0.028746,0.026827,0.026594,0.028881,0.028851,0.030282,0.029668,0.029821,0.029858,0.034329,0.034509,0.033051,0.042913,0.033203,0.030329,0.028385,0.033579,0.02653,0.03964,0.037502,0.037073,0.029739,0.010961,0.011345,2500,-0.052643,0.081005,240
0.31077,0.014181,0,0.017346,0.021783,0.01559,0.008206,0.003481,0.014058,0.010376,0.01991,0.022899,0.027132,0.024161,0.033082,0.036697,0.038225,0.034881,0.035913,0.037304,0.035121,0.030229,0.030532,0.031498,0.034552,0.032557,0.033119,0.033094,0.033889,0.032242,0.032318,0.034722,0.034933,0.036781,0.036383,0.037061,0.03702,0.042202,0.041395,0.039583,0.049677,0.038987,0.035721,0.034675,0.037851,0.030502,0.042669,0.04032,0.039151,0.031805,0.013519,0.014316,2500,-0.052643,0.081005,240
0.31077,0.014181,0,0.014786,0.023827,0.017617,0.010697,0.0051115,0.017421,0.012098,0.023038,0.027535,0.033152,0.028555,0.036933,0.040071,0.042706,0.038456,0.040451,0.042034,0.040305,0.035359,0.035545,0.036451,0.040064,0.038171,0.03863,0.039247,0.040641,0.039153,0.039749,0.042551,0.043016,0.044867,0.044916,0.045608,0.045441,0.050899,0.049917,0.048019,0.058524,0.046822,0.043665,0.043973,0.046575,0.038889,0.052013,0.051222,0.04947,0.041987,0.021691,0.021675,2500,-0.052643,0.081005,240
0.31077,0.014181,0,0.0099966,0.013327,0.010496,0.0014964,-0.0058108,0.0036148,0.0002277,0.010754,0.012921,0.019055,0.014737,0.022709,0.026017,0.026709,0.022575,0.024465,0.025077,0.024235,0.020225,0.020086,0.021578,0.025562,0.024128,0.025006,0.025462,0.027061,0.025869,0.026517,0.029212,0.029538,0.031051,0.030796,0.031312,0.031818,0.036325,0.036087,0.034791,0.043768,0.032953,0.031782,0.03083,0.033879,0.026571,0.037585,0.035456,0.034677,0.028809,0.012264,0.014181,2500,-0.052643,0.081005,240
